AWS Batch 14
+91 96115 99857
+91 98409 93923
+91 8072 885 630
+91 96880 46999
+91 99861 90325
+91 90085 68686
+91 97909 81105
+91 98653 39415
+91 96770 77568
+91 63699 55277
+91 96115 99857
+91 89406 11669
+91 81221 79927
+91 85088 20276
+91 94871 00068
+91 99405 51932
+91 99406 97264
+91 91769 69998
+91 96268 76636
+91 883 894 8117
+91 72002 55662
+91 96001 27711
+91 93607 90833
+91 81294 77907
+91 99403 72168
+91 72591 75813
+91 63617 10754
+91 98459 95726
+91 94868 47181
+91 82202 20177
+91 97502 56800
+91 97900 63404
+91 97910 24174
+91 863 930 7320
+91 95970 93987
+91 72008 62774
+91 96295 40540
+91 98422 87787
+91 734 952 3314
+91 81242 37453
+91 99403 20472
+91 90085 14002
+91 93422 81357
+91 7639 188 861
+91 97910 65181
+91 70128 48732
+91 99947 03818